 608
 656
  54
 823
 297
 949
 628
 947
 893
 480
 374
 233
 643
  12
 475
 600
 585
 190
 831
 721
 173
 850
 300
 377
 399
 634
 562
 958
 305
 830
 260
 833
 986
 275
  75
  62
 169
 587
 844
 515
 738
 181
 508
 370
576
  16
 170
 702
  55
 822
 584
 608
 656
  54
 823
 297
 949
 628
 947
 893
 480
 374
 233
 643
  12
 475
 600
 585
 190
 831
 721
 173
 850
 300
 377
 399
 634
 562
 958
 305
 830
 260
 833
 986
 275
  75
  62
 169
 587
 844
 515
 738
 181
 508
 370
 941
 666
 737
 749
 880
 998
 970
 436
 556
 322
 179
 911
 629
 842
 679
 525
 248
 185
   4
 516
 799
 687
 921
 114
 196
 479
 476
 176
 672
 120
 695
 546
 159
 905
 999
 253
  50
 935
 437
 602
 939
 540
 713
 968
 961
 128
 945
  45
 673
 398
 406
 819
 610
 807
 269
 393
 255
  21
 223
 396
 152
 401
 862
 315
 778
  39
 284
 499
 342
 378
 133
 444
  31
 529
 622
 382
 214
 918
  20
 792
 204
 955
 812
 226
 808
 649
 794
 620
 910
 354
 887
 892
 211
 881
 325
 567
 895
 191
 951
 593
 371
 238
 343
 776
 764
 782
 227
 972
 623
 143
 531
 889
  10
 212
 177
 363
 554
 940
 841
 121
 555
 234
 232
 909
  79
 165
 509
 518
 535
   5
 829
 208
 801
  29
 743
 661
 302
 243
  46
 412
 684
 148
 747
 797
 926
 245
 832
 454
 934
 407
 660
 463
 103
   6
 450
 534
 704
 171
 726
 455
 188
 652
 877
 244
  95
 769
 501
 603
 175
 356
 904
 528
 456
 816
 192
 885
 609
 985
 477
  35
 781
   7
 473
 309
  66
  72
 549
 828
 445
  52
 147
 141
 559
 252
 575
 453
 810
 448
  78
 215
 872
 291
 433
 858
 728
 352
 825
 959
  15
 104
 122
 700
 100
  70
 838
 156
 944
 161
 149
 716
 362
 837
 982
 677
 404
 980
 857
 621
 200
 218
 207
 793
 767
 669
 186
 348
 617
 891
 907
 809
 106
 391
 337
 884
 956
 744
 438
 187
 164
 989
 563
 380
 299
 254
 321
 467
  25
 573
 328
 966
 693
 419
 373
 848
 705
 430
 883
 523
 558
 507
 859
 751
 611
 307
 349
 415
  89
 826
 676
 580
 413
 511
 368
 680
 750
 400
 162
 952
 216
 513
 379
 129
 360
 777
 963
 919
 222
 451
 110
 285
 772
 994
 732
 800
 402
 631
 803
 709
 762
   2
 650
 184
 361
 239
 541
  96
 689
 421
 731
 124
 414
 957
 492
  26
 901
  97
 271
 752
 586
 639
 311
  64
 723
 818
  80
 426
 355
 324
 493
 548
 564
 301
 761
 568
 231
 694
 167
  23
  73
 978
 203
 416
 142
 715
 987
   3
 350
 607
 460
  30
 202
 286
 996
 521
  98
 765
  67
 280
1000
  92
 658
 641
 685
 312
 840
 318
 903
 869
 428
 489
 605
  17
 579
 742
 146
 845
 977
 965
 674
 139
 427
 119
 583
 733
 543
  42
 879
 296
 786
 653
 537
 827
 888
 542
 763
 670
 569
 220
 376
 930
 913
  49
 545
 697
 720
 613
 137
 876
 678
  38
  19
 683
 338
 135
 229
 755
 283
 514
 686
 372
 313
 201
 390
  76
 813
 834
 385
 805
 369
 757
  36
 725
 578
 422
 213
 389
 896
 250
 912
 524
 618
 701
 320
 383
 241
 504
 281
 319
 420
 468
 108
 696
 770
 101
 925
 612
 131
 199
 488
  37
 538
 775
 870
 871
  88
 577
 820
  47
 981
 339
  34
 195
 288
 533
 638
 595
 174
 491
 632
  40
 519
 163
 754
 461
 995
 971
 145
  53
  93
 277
 224
 890
 353
 920
 310
 712
 458
 570
 854
 984
 150
 997
  74
 330
 439
 717
 263
 166
 526
 431
 817
 906
 814
 282
 946
 365
 112
 303
 486
 306
 821
 707
  24
 598
 581
 332
 462
 730
 699
 967
 714
 298
 429
 682
 630
 780
 644
 597
 256
 914
 295
 494
 633
 440
 753
 117
 331
 976
 932
 659
 791
 418
 795
 364
  14
  27
  81
 938
 675
 846
 194
 386
 943
 123
 326
 189
 992
 973
  56
 863
 425
 221
 265
 345
 768
 625
 443
 960
 681
  77
 547
 927
 882
 915
 710
 367
 452
 327
 346
 495
  48
 760
 532
 572
 314
 340
 937
  65
 550
 520
 668
 736
 867
 217
 824
   1
 510
 557
  28
 839
 144
 601
 815
 933
 484
 739
 902
 582
 384
 347
 246
 279
 109
 500
 719
 134
  71
 853
 105
 193
 706
 490
 852
 336
  51
 381
 242
  86
 335
 648
 917
 969
 708
 590
 868
 662
 954
 160
 228
 779
 408
 860
  59
 671
 205
 908
  61
 783
 759
 287
  90
  99
 851
 536
 294
 574
 497
 527
  57
  22
 974
 790
 916
 182
 773
 375
 264
 636
 154
 991
 798
 130
 734
 206
 758
 394
 802
  91
 323
 875
 724
 866
 924
 272
 172
 565
 664
 225
 571
 806
 615
 990
  87
 316
 647
 358
 690
 276
 766
 153
 395
 472
 447
 551
 274
 544
 923
  18
 898
 230
 126
 459
 735
 198
 522
  68
 667
 614
 657
 434
 561
 261
 498
 855
 249
 619
 588
 209
 118
 127
 711
 474
 861
 502
 278
 466
 344
 481
 975
 449
 655
  58
 894
 157
 496
 107
 804
 423
 115
 388
 718
 663
 692
 403
 624
 589
 268
 210
 505
 746
 900
 688
 351
 774
 787
 410
 836
 873
 993
  83
 446
 771
 151
 865
 111
 485
  41
 409
 811
  63
 979
 183
 560
 512
 247
 566
 729
 357
 948
 886
 665
 856
 387
  84
 929
 596
 645
 745
 796
  85
 397
 116
 784
  69
 442
 432
  33
 503
 465
 964
  43
 257
 864
 235
 594
 616
 785
 847
 874
 366
 936
 651
 835
 457
 703
 464
 258
 950
 646
 140
 329
 604
 334
  11
 113
  44
 606
 180
 471
  60
 266
 843
 219
 392
  32
 627
 308
 333
 240
 411
 262
 962
 506
 168
 931
 236
 878
 270
  94
 102
 748
 251
 691
  82
 292
 470
 942
 922
 197
 591
 849
 178
 698
 483
 897
 756
 293
 487
 741
 259
 267
 642
 727
 722
 125
   8
 158
 635
 539
 599
 441
 553
 359
  13
 273
 789
 626
 405
 983
 469
 928
 304
 552
 478
 155
 317
 237
 953
 988
 289
 132
 424
 138
 640
 899
   9
 654
 290
 740
 530
 592
 517
 136
 435
 417
 482
 637
 788
 341
